kinematics:
  shoulder:
    x: 0
    y: 0
    z: 0.1809285554189298
    roll: -0
    pitch: 0
    yaw: -1.223931243507503e-08
  upper_arm:
    x: 0.0001108158798077108
    y: 0
    z: 0
    roll: 1.569113456667975
    pitch: 0
    yaw: 7.367355064139391e-07
  forearm:
    x: -0.6122170645291438
    y: 0
    z: 0
    roll: 0.0003851495720029144
    pitch: 0.0008196971560967557
    yaw: 1.109621511450598e-06
  wrist_1:
    x: -0.5710532962649695
    y: 0.0004321871976029597
    z: 0.174635709173292
    roll: 3.139117865831163
    pitch: 3.141438522722451
    yaw: 3.14158831533744
  wrist_2:
    x: -8.429294108775764e-06
    y: -0.1197338140381628
    z: -7.692358705271969e-06
    roll: 1.570860572294436
    pitch: 0
    yaw: 8.037424430937246e-07
  wrist_3:
    x: -0.0001569742995325323
    y: 0.1155145099911292
    z: 8.339274552831302e-05
    roll: 1.571518251088627
    pitch: 3.141592653589793
    yaw: -3.141592608777723
  hash: calib_1811142273362460997